7.6
7.31
7.54
6.01
3.92
3.92
3.73
2.55
3.29
4.86
2.36
2.77
3.12
2.24
8.08
7.44
6.91
7.15
8.0
7.91
7.95
2.08
3.01
7.09
7.21
7.27
6.95
3.35
2.27
2.99
8.14
8.0
3.85
7.09
8.15
6.92
6.88
7.18
6.18
7.12
5.03
7.1
9.0
1.0
3.0
4.94
1.99
9.0
7.0
1.0
1.0
6.06
4.99
9.0
8.01
5.05
3.0
6.15
8.32
9.0
1.0
1.0
2.97
9.0
9.0
8.04
5.01
4.97
7.04
7.05
7.05
9.0
8.03
1.0
2.0
1.0
8.06
9.0
1.0
6.67
4.67
4.44
2.81
3.69
4.44
1.97
3.01
4.33
3.23
5.49
3.12
3.15
2.97
3.86
2.92
4.37
1.78
2.13
3.17
3.13
6.44
1.0
2.5
2.27
1.41
1.18
3.29
2.51
3.85
3.09
4.06
4.49
3.83
8.12
5.04
5.5
6.05
5.68
6.21
4.33
5.03
3.31
8.1
3.92
5.04
2.95
1.99
5.05
3.96
3.99
7.08
5.04
4.88
6.97
7.05
2.95
5.95
2.85
6.22
8.05
2.06
2.78
2.04
5.13
6.04
4.09
6.13
6.96
4.88
3.08
2.23
6.15
1.97
2.18
2.88
2.76
1.0
1.85
2.96
2.91
4.9
9.0
4.88
5.08
4.01
7.08
6.97
5.91
4.95
4.0
6.0
4.03
2.88
4.01
6.05
5.04
2.96
3.97
4.97
1.99
2.87
7.95
7.05
5.04
4.87
3.0
1.99
4.08
3.01
8.1
6.04
4.12
9.0
6.97
8.1
9.0
7.01
3.91
4.86
6.96
4.13
6.62
5.99
6.79
7.38
4.5
8.27
2.69
5.13
5.46
2.5
3.12
3.95
3.49
3.79
7.45
3.63
5.81
5.6
3.05
4.59
3.19
3.54
4.01
6.42
3.37
3.47
3.62
5.45
3.79
3.49
4.5
4.37
4.45
5.71
6.21
5.74
5.58
6.5
4.64
4.01
5.96
4.12
5.03
6.99
6.04
7.06
5.99
4.0
7.04
7.09
4.05
2.96
5.03
3.01
5.04
2.05
3.06
6.04
6.06
5.99
2.03
3.04
7.03
3.03
4.04
3.04
2.0
2.94
6.08
7.03
7.09
7.08
7.13
8.05
9.0
7.04
7.1
7.01
7.03
6.78
6.51
6.96
8.23
7.72
7.26
5.04
6.4
7.24
3.6
5.0
6.54
5.09
4.97
5.04
5.06
4.77
4.03
6.28
4.21
6.41
5.79
3.68
4.56
3.9
4.99
4.59
4.96
2.99
3.13
6.6
8.23
6.44
6.83
6.67
7.94
3.31
4.69
3.46
5.03
4.04
6.14
7.14
5.97
4.96
6.19
5.01
5.0
4.05
3.96
7.1
6.99
7.04
6.13
6.01
4.0
6.04
4.97
4.03
4.97
4.01
4.0
4.97
5.01
4.04
4.1
5.05
7.08
4.15
6.06
6.06
5.97
4.06
6.1
6.03
7.05
6.09
6.09
6.1
5.01
6.15
5.76
4.45
5.91
6.23
6.0
7.58
4.05
6.21
6.0
7.14
4.37
3.64
4.91
2.88
2.83
3.96
3.44
5.19
3.26
5.22
2.96
4.24
2.03
4.01
1.68
2.97
3.87
2.97
5.04
5.49
7.47
5.73
5.95
5.97
6.18
6.26
5.46
6.21
6.15
4.03
3.86
5.21
6.53
6.4
5.38
4.72
6.14
6.42
1.29
2.74
1.01
1.82
5.04
1.06
1.23
3.19
2.96
2.6
1.05
2.41
1.17
2.73
1.06
1.72
1.01
7.2
1.13
2.83
4.96
3.78
6.83
6.36
4.95
8.1
6.36
8.12
7.45
8.7
2.9
7.1
7.14
7.33
9.0
8.21
7.08
7.01
6.1
8.74
6.96
5.09
6.9
6.91
5.19
5.95
3.05
2.87
5.13
6.88
6.91
4.88
3.17
3.15
4.86
5.1
5.14
5.01
3.03
5.21
7.18
7.37
6.95
7.97
8.24
8.9
7.14
7.96
6.86
7.17
8.72
8.09
7.51
7.06
7.01
7.97
6.97
8.03
7.03
6.99
9.0
6.06
3.08
7.06
5.04
1.55
1.0
5.03
5.99
5.97
6.06
6.0
4.96
5.99
4.04
6.04
4.0
6.08
8.01
7.04
7.06
9.0
9.0
7.01
8.99
9.0
8.01
8.97
9.0
9.0
9.0
7.78
7.9
6.68
6.72
7.06
6.83
5.53
6.21
7.44
8.03
4.26
2.6
3.19
4.36
3.37
2.35
3.32
3.15
5.92
6.63
6.09
3.14
5.95
6.19
3.09
2.32
3.09
2.96
5.96
5.94
6.49
6.95
5.83
6.08
6.17
6.21
5.96
5.77
7.06
6.86
5.86
4.06
5.0
3.96
7.15
5.13
3.06
5.04
5.06
5.04
5.01
2.99
4.04
3.95
4.03
2.95
2.96
4.05
3.01
5.06
3.14
2.04
4.12
6.05
5.04
3.04
4.14
4.97
6.08
6.99
4.01
6.05
4.01
7.13
6.91
5.0
5.04
7.03
5.03
7.12
5.65
5.03
5.83
5.67
7.9
3.63
2.87
2.88
4.24
7.5
4.27
3.9
2.14
6.28
5.53
1.0
8.47
5.72
2.94
5.87
2.0
1.0
3.83
5.38
3.45
6.21
5.49
3.38
2.79
3.68
5.79
8.12
3.92
7.53
3.71
3.83
5.5
6.26
5.97
3.77
5.96
7.03
5.78
5.56
8.15
5.95
6.6
4.99
6.13
7.05
5.67
3.68
5.51
5.85
4.06
3.62
2.5
3.83
6.03
3.88
4.09
3.82
2.95
4.27
4.0
2.77
3.29
3.78
5.0
5.81
5.69
5.86
5.74
6.38
5.74
6.12
7.03
6.23
7.03
6.03
6.74
6.09
6.72
7.97
7.72
6.04
6.94
5.49
6.03
7.29
6.6
4.63
4.09
3.94
5.35
4.03
5.77
3.08
6.83
5.71
4.33
3.97
4.31
6.21
5.6
3.08
5.24
4.38
4.22
5.51
6.05
6.73
4.15
3.26
7.06
6.99
6.24
4.04
4.58
6.06
6.45
6.81
7.04
5.53
8.62
6.9
6.59
6.67
5.67
7.67
5.63
5.67
6.49
3.01
2.73
1.95
3.54
6.35
7.05
6.01
3.28
4.87
3.74
4.01
3.81
3.53
2.97
2.08
5.44
2.26
5.88
7.71
7.13
6.53
6.03
5.95
5.53
7.58
5.05
6.33
4.78
5.04
4.23
5.92
8.06
5.74
7.01
5.92
7.31
6.81
6.41
5.46
5.04
5.6
5.26
3.0
4.99
6.36
5.62
5.31
4.92
5.36
6.31
5.01
5.04
3.24
3.91
3.26
5.47
6.54
6.28
5.71
6.01
7.08
7.45
7.49
5.28
5.94
6.13
2.83
4.21
6.04
3.35
6.01
7.15
7.05
6.58
7.1
7.0
6.88
6.56
4.06
6.17
7.1
5.99
7.1
4.01
8.23
6.29
6.05
2.91
6.03
6.04
6.01
7.03
3.99
6.08
5.96
6.41
6.56
5.01
7.01
7.04
2.91
2.91
7.21
6.08
6.0
6.77
5.77
1.99
7.05
6.03
5.96
7.08
3.0
4.99
5.0
8.05
6.06
6.06
1.0
4.97
6.01
1.0
4.05
4.04
6.08
6.14
5.03
4.95
4.06
5.03
7.05
4.9
3.0
5.99
2.01
6.05
7.03
1.96
7.01
7.06
7.05
7.08
7.06
6.05
7.05
7.01
1.96
6.56
9.0
4.14
6.97
7.01
4.97
7.81
4.95
5.0
2.99
5.0
1.91
5.06
7.01
1.96
1.91
1.0
4.95
5.01
1.0
1.0
1.0
1.97
2.03
1.0
5.0
1.05
1.0
1.06
1.19
1.0
7.04
1.0
6.35
1.0
1.0
1.0
1.0
1.0
1.0
6.09
6.09
7.12
7.05
5.96
5.99
5.94
4.99
5.01
5.04
5.06
3.06
6.06
6.04
2.0
4.06
5.99
7.0
5.05
6.08
8.05
6.06
8.06
6.06
6.99
6.99
5.03
6.05
6.04
8.03
7.97
8.01
3.03
5.01
6.03
4.96
6.0
7.08
7.95
2.97
8.08
6.06
7.09
2.01
1.94
6.06
8.05
8.06
7.99
6.12
9.0
8.08
6.04
7.04
5.08
3.01
5.04
6.04
6.08
7.09
5.0
7.06
7.03
2.0
5.06
1.06
2.97
1.03
5.99
4.14
7.12
6.04
6.06
3.05
6.0
7.1
7.08
7.05
6.06
4.97
7.9
7.13
8.08
8.05
3.01
7.04
7.1
8.17
7.17
2.91
6.88
5.04
2.94
8.05
5.04
3.0
5.03
2.99
7.06
6.97
2.94
4.99
2.88
4.96
3.95
4.04
4.03
5.04
4.9
2.01
1.94
1.96
1.0
5.01
1.0
1.92
1.0
1.06
1.97
1.0
5.04
7.03
8.04
7.01
1.0
5.04
5.04
8.17
9.0
5.04
5.04
5.04
7.14
7.03
3.06
6.06
7.08
8.99
2.0
5.04
8.14
5.04
6.04
7.97
1.0
2.06
1.0
2.01
5.04
7.04
6.04
5.03
3.04
1.0
1.0
7.21
5.03
4.91
1.01
3.06
7.09
8.1
7.04
7.09
8.03
8.1
9.0
2.09
5.0
7.13
4.03
2.05
1.01
3.04
1.0
2.01
3.09
2.97
7.08
6.99
1.95
1.0
3.04
3.01
3.05
1.0
6.01
1.85
1.97
2.0
7.04
7.05
7.92
7.06
6.05
2.96
5.0
7.96
3.06
7.04
5.06
7.05
7.08
8.09
8.05
6.08
7.1
5.0
6.06
9.0
7.01
4.05
2.92
5.05
1.97
1.0
1.0
5.04
6.06
7.09
2.03
2.99
1.0
7.0
3.97
1.0
6.06
2.1
1.0
7.12
8.04
9.0
7.03
7.97
8.04
7.05
5.0
1.79
8.08
7.09
5.04
6.12
5.92
6.96
6.94
5.95
4.06
6.01
6.14
4.99
7.14
3.0
4.97
5.0
4.01
5.04
6.06
5.06
7.03
7.06
2.9
4.03
2.99
4.95
4.0
1.0
6.27
4.97
5.1
6.14
3.95
3.94
3.05
6.01
4.94
2.96
3.95
5.04
4.12
3.99
5.97
7.06
5.08
2.96
5.03
4.97
5.06
4.04
3.88
6.08
2.82
2.1
4.04
3.95
1.0
4.0
2.1
2.62
6.06
3.12
8.04
3.96
7.08
2.06
3.1
1.96
1.95
1.96
1.0
8.01
5.0
7.97
9.0
8.03
7.14
6.95
9.0
9.0
9.0
8.06
4.83
2.99
7.09
5.14
5.94
3.99
4.09
6.06
4.17
5.95
6.22
3.88
3.87
6.03
1.77
6.0
5.03
7.06
7.24
4.12
5.99
6.06
6.15
7.31
7.17
3.09
7.24
5.0
6.08
7.27
5.96
7.15
1.0
6.27
7.26
6.96
6.13
7.01
7.17
4.03
