7.83
8.47
7.08
8.06
6.05
8.03
7.04
5.87
5.99
7.09
6.24
7.35
6.18
5.04
5.04
7.14
6.41
8.01
6.79
8.13
7.86
7.37
7.9
8.22
7.21
8.24
7.29
7.87
8.14
7.33
8.04
3.95
5.13
6.92
5.18
3.87
6.77
6.62
6.15
5.97
6.62
8.08
8.05
7.03
5.04
1.01
1.0
9.0
7.18
1.0
7.0
9.0
9.0
9.0
9.0
6.14
7.41
8.08
6.99
9.0
1.0
5.0
7.82
9.0
9.0
9.0
5.05
7.04
9.0
7.13
9.0
1.0
1.0
1.0
1.0
1.0
1.0
1.0
1.0
6.53
4.45
6.23
6.81
4.19
7.17
7.32
5.79
6.35
7.78
5.23
7.1
6.29
6.99
7.29
5.88
7.54
5.41
6.32
7.97
5.23
6.55
6.21
5.92
6.78
6.87
6.94
6.22
6.59
7.14
6.12
5.0
6.55
4.99
5.33
3.15
3.86
5.26
5.49
4.62
5.29
8.14
4.05
8.12
3.94
4.88
5.09
2.1
5.85
5.04
4.04
7.01
5.08
5.17
6.21
6.97
3.03
7.03
2.87
6.21
9.0
2.26
3.92
5.99
7.19
6.08
5.04
7.08
8.06
8.13
7.05
1.94
2.1
1.95
1.92
3.37
2.33
1.0
1.99
2.01
3.0
5.92
9.0
7.01
7.04
4.04
7.14
4.96
7.04
4.04
3.97
7.1
8.0
4.12
8.05
7.99
7.97
6.91
6.04
8.04
8.04
3.97
8.97
1.96
6.03
7.05
9.0
6.27
5.04
5.05
9.0
4.05
1.94
3.99
6.0
3.97
3.88
1.0
1.04
1.0
2.92
7.47
5.96
6.49
7.05
7.36
6.63
8.0
6.83
8.28
8.03
4.03
2.99
6.99
5.38
4.04
7.08
6.15
6.37
6.91
3.03
6.13
7.23
4.55
4.22
6.36
2.79
3.08
6.99
6.63
7.1
6.36
8.05
3.88
2.36
3.71
7.46
2.18
5.04
7.4
5.03
7.06
6.91
6.09
2.97
8.05
7.03
7.03
7.06
7.05
7.09
8.06
7.1
7.1
7.12
7.03
7.05
8.1
7.01
7.0
7.14
6.94
6.94
6.96
7.1
7.1
7.08
7.97
6.95
7.0
2.96
7.05
7.99
7.0
2.0
6.92
7.01
7.03
5.99
7.08
7.05
7.47
6.32
7.96
8.12
6.67
7.04
4.95
8.53
8.22
3.77
7.54
8.19
8.1
7.38
7.31
6.24
6.6
6.64
5.81
7.08
7.33
7.79
6.6
7.86
7.71
7.44
6.21
8.68
7.15
7.95
3.27
8.83
5.51
6.69
5.9
9.0
4.55
5.65
2.88
3.81
4.97
7.03
7.06
6.09
5.12
7.08
5.03
5.99
5.01
3.96
7.0
6.13
8.08
7.04
6.06
6.04
6.06
5.03
4.99
5.29
4.0
4.99
5.97
4.97
5.04
5.12
5.03
6.05
4.99
6.06
6.05
4.06
4.13
6.03
5.96
7.06
6.06
6.12
6.04
4.96
7.63
5.12
6.01
6.86
7.9
6.85
7.09
6.22
7.27
6.23
9.0
6.65
6.08
7.97
5.04
4.09
6.17
8.12
7.82
5.77
6.0
3.35
5.44
1.73
7.18
5.96
5.1
6.29
5.47
4.99
5.53
6.44
4.88
4.1
4.1
3.01
3.04
3.23
3.87
6.44
6.5
5.63
6.27
7.06
6.68
2.78
6.22
6.1
8.32
2.36
5.19
1.37
7.69
6.03
3.04
1.79
6.19
7.08
5.06
1.0
6.31
6.4
6.95
1.33
2.53
6.18
2.9
6.78
1.55
1.0
5.01
7.1
1.24
1.24
1.05
1.42
1.24
1.22
1.01
4.96
6.82
6.15
7.92
6.22
2.82
6.03
6.97
3.81
7.79
2.76
7.27
6.04
7.95
7.85
6.29
5.96
2.94
7.82
6.94
9.0
3.88
5.19
2.09
6.01
3.04
6.36
6.23
5.99
6.21
6.22
3.18
1.03
2.04
1.0
1.0
2.94
1.18
2.23
3.17
7.08
6.08
3.58
6.96
7.01
6.03
5.0
1.0
8.12
7.08
6.04
7.05
6.01
9.0
7.99
1.97
4.1
6.01
7.06
8.51
7.03
4.04
6.05
6.95
7.09
8.01
5.99
8.53
7.1
7.59
2.92
7.06
5.99
4.42
3.04
3.03
4.08
2.08
1.0
2.01
7.08
7.42
5.01
7.58
6.94
8.03
7.67
7.62
7.96
8.92
4.05
7.85
7.01
6.85
7.99
7.17
4.51
6.04
7.53
5.23
4.65
3.78
5.01
6.96
5.71
6.36
6.77
6.74
6.0
6.53
7.04
5.82
3.4
2.9
1.09
3.49
2.01
2.4
3.13
2.78
5.23
8.04
6.09
9.0
8.04
9.0
8.95
5.01
7.05
8.03
5.95
9.0
6.13
8.05
9.0
7.05
6.06
8.12
7.05
7.0
9.0
4.1
3.96
4.03
8.01
8.0
6.0
8.06
7.04
8.0
6.95
2.95
1.0
1.0
1.0
2.1
2.03
1.0
1.0
1.0
2.12
1.97
5.54
6.83
5.65
8.14
2.78
7.14
1.5
2.96
7.01
3.15
6.01
2.54
6.96
6.05
2.76
9.0
7.37
2.4
1.87
2.62
4.36
3.54
5.99
2.13
7.56
1.83
6.69
2.62
6.05
6.19
2.86
1.0
1.0
1.82
5.88
5.83
6.53
6.0
6.19
5.04
7.31
6.04
4.04
7.35
7.14
8.13
6.03
6.24
6.06
6.1
4.96
6.47
7.32
5.99
6.28
3.83
7.69
6.1
6.27
4.21
5.69
2.92
6.06
6.47
3.73
2.62
6.04
5.9
6.08
5.63
3.94
2.86
2.88
2.35
2.15
1.0
2.4
4.01
5.72
6.26
5.67
6.32
6.78
7.59
6.05
6.28
4.59
6.56
7.73
5.47
4.13
6.15
6.09
4.77
3.67
8.51
6.64
7.29
5.99
4.29
4.12
4.31
6.35
3.69
4.05
5.36
5.94
3.92
4.46
6.4
5.91
3.13
3.22
6.03
6.05
4.05
3.01
3.99
4.99
6.95
6.29
7.31
5.74
9.0
7.71
6.83
6.94
6.87
8.01
6.19
6.21
7.56
6.13
6.42
5.5
8.77
7.53
7.96
3.29
6.13
5.26
4.51
5.41
7.54
5.41
3.51
6.96
3.74
6.58
2.74
6.74
1.44
4.88
1.0
2.96
1.0
1.0
1.0
1.83
5.31
6.81
7.37
6.91
8.32
7.79
6.24
7.68
8.1
8.06
7.37
6.36
7.72
5.81
6.29
3.71
6.68
7.22
7.63
5.96
3.03
5.95
7.81
5.54
5.04
5.04
3.96
5.88
7.19
6.29
4.46
5.55
4.08
2.62
3.18
5.44
2.47
2.97
3.47
2.28
3.55
6.03
2.73
3.03
7.01
6.86
6.54
7.94
8.03
6.49
5.97
6.13
4.71
6.94
6.1
7.01
2.91
7.51
6.78
4.06
2.24
2.58
5.99
5.55
6.0
4.04
5.99
6.03
5.88
5.63
6.01
6.99
6.56
2.04
1.0
6.49
1.94
1.15
3.18
1.94
2.99
7.12
6.0
5.95
7.04
2.97
5.04
6.94
9.0
5.0
7.05
2.97
8.03
8.0
1.94
6.04
5.0
8.06
7.99
6.04
4.04
5.01
6.04
8.04
7.05
6.03
7.05
7.01
7.06
6.99
2.92
1.0
1.0
2.01
1.0
7.04
1.0
1.0
1.0
1.03
7.74
9.0
6.79
8.42
6.01
5.97
8.99
7.83
6.04
4.03
8.1
7.0
8.01
8.01
7.37
3.77
1.06
7.05
8.09
1.91
1.0
2.03
4.05
7.94
2.1
8.12
2.88
2.03
2.96
7.42
1.87
8.06
1.85
7.91
1.95
1.86
2.03
1.77
2.01
2.04
7.04
6.01
6.05
6.97
7.03
4.04
2.0
6.01
8.05
3.97
5.95
5.04
7.04
6.01
4.09
6.01
4.03
8.0
5.0
3.0
5.94
6.91
4.14
3.0
4.97
7.08
6.14
6.0
4.05
7.99
7.03
6.03
1.97
3.03
3.97
4.01
3.08
4.05
4.09
4.04
8.1
6.03
6.94
1.9
2.04
6.04
7.01
9.0
8.03
1.12
8.1
9.0
8.12
9.0
8.08
6.04
4.94
7.14
7.1
7.04
6.12
8.06
7.14
7.99
3.05
5.04
4.92
1.0
9.0
8.03
8.03
1.0
1.04
1.97
2.09
7.1
1.0
1.0
1.0
1.0
8.86
8.13
8.96
9.0
2.01
9.0
7.08
9.0
9.0
6.06
8.96
7.04
7.1
9.0
6.12
3.12
5.14
8.99
7.96
9.0
7.22
6.88
6.13
9.0
8.15
6.0
9.0
6.09
8.97
7.1
6.97
6.97
1.0
3.01
3.96
6.01
1.0
1.0
1.04
2.05
6.0
8.1
9.0
7.08
1.0
7.96
7.03
9.0
9.0
7.03
8.05
5.04
8.03
9.0
5.04
8.03
9.0
9.0
4.04
6.06
8.12
8.08
8.03
7.99
6.04
6.08
1.0
7.06
7.03
8.0
7.09
6.0
5.04
1.12
5.04
8.1
5.13
1.0
1.97
5.04
8.01
9.0
9.0
8.08
9.0
9.0
9.0
6.01
4.99
8.08
7.03
5.99
1.9
8.97
2.01
7.97
6.97
8.0
9.0
7.99
4.95
2.05
2.01
6.0
8.09
2.0
6.94
2.0
3.0
9.0
7.06
3.03
7.06
6.0
1.0
1.88
1.0
1.0
2.06
7.97
6.04
8.1
8.08
6.99
8.0
8.06
7.12
7.05
7.08
7.95
7.01
4.08
6.08
9.0
3.29
1.91
3.0
6.09
5.99
6.97
1.0
5.04
1.92
6.05
4.0
1.0
7.94
5.01
3.04
6.04
1.0
4.01
1.0
1.0
1.0
5.04
1.0
1.0
4.95
6.05
5.04
7.94
7.01
7.09
6.08
6.01
2.96
5.94
7.0
2.97
6.08
2.01
2.95
6.14
2.79
5.04
5.03
6.97
7.19
8.12
1.0
3.06
1.03
6.08
4.0
3.18
7.12
3.12
6.05
5.99
3.97
4.03
1.0
3.05
7.15
3.0
2.03
5.04
1.0
2.04
8.09
4.03
8.09
6.99
7.08
6.1
6.29
8.01
6.96
5.03
9.0
8.03
8.09
8.08
6.13
7.05
5.95
8.12
7.01
6.0
6.09
5.99
4.09
5.99
7.06
8.04
7.17
6.97
6.09
7.06
6.92
1.04
1.88
1.0
1.0
1.96
1.0
1.0
1.01
2.03
4.87
1.01
7.08
6.14
4.81
2.28
2.09
7.15
7.04
3.9
6.88
5.33
6.99
6.83
2.81
6.23
3.94
8.18
8.04
5.03
3.83
6.18
6.17
6.86
6.94
3.08
5.81
6.36
4.0
6.92
1.97
6.23
1.0
1.26
1.0
3.12
1.04
1.1
1.0
1.88
