6.9
7.28
9.0
6.12
7.19
7.0
7.08
6.32
3.62
2.04
3.63
3.4
2.87
3.04
2.91
8.15
6.77
6.94
8.1
7.19
8.37
7.06
7.37
8.01
8.65
7.41
7.03
4.01
3.0
3.22
2.86
3.27
4.78
7.28
8.05
6.5
3.1
6.54
7.87
6.17
7.13
8.04
8.96
5.04
3.65
5.04
4.08
9.0
9.0
9.0
7.01
7.12
9.0
8.97
8.06
8.05
6.03
9.0
8.06
8.03
5.04
4.97
1.0
6.06
8.1
9.0
3.01
7.14
7.03
1.0
1.0
2.01
3.01
6.99
1.0
7.09
1.0
1.0
2.97
6.94
4.97
5.22
5.91
5.0
5.56
4.38
5.04
5.74
5.99
5.71
4.23
3.12
3.68
4.4
3.81
4.03
4.1
5.04
5.47
4.32
4.54
4.13
3.03
1.91
2.9
2.64
4.46
2.65
3.08
2.72
4.63
5.91
5.5
5.85
5.65
4.54
5.46
5.65
5.68
5.67
8.22
1.99
5.85
4.19
4.15
4.04
2.92
7.14
5.06
4.12
6.08
5.04
5.05
5.23
3.28
1.08
6.04
4.72
5.92
6.08
3.73
4.97
1.0
2.04
5.01
3.96
4.92
3.03
1.95
3.06
1.0
1.09
3.67
3.46
1.06
1.99
1.0
1.78
1.82
1.88
2.99
7.97
2.06
6.01
5.08
4.94
5.04
4.04
3.99
8.03
6.03
3.12
4.0
2.95
1.0
4.01
3.01
3.01
4.05
1.0
2.99
1.99
7.0
4.12
3.06
1.0
2.0
2.86
1.91
9.0
7.95
2.06
8.01
8.1
8.17
9.0
6.04
6.13
7.05
8.0
6.56
7.08
6.87
7.56
6.55
7.58
7.28
5.0
6.1
8.4
7.31
6.87
7.38
7.4
3.68
3.67
2.88
6.14
6.67
6.59
3.42
2.46
3.59
3.41
3.49
6.22
3.74
7.78
3.71
3.83
4.05
7.12
7.96
6.23
3.06
8.49
4.56
3.12
7.53
5.04
1.92
3.96
3.03
3.0
6.04
3.0
7.06
7.04
7.08
8.06
2.97
5.0
1.94
4.97
1.0
3.95
3.0
5.03
6.03
2.05
6.06
1.0
5.03
1.0
1.99
3.13
1.96
3.01
1.0
5.04
5.03
8.05
6.99
7.06
8.09
7.0
7.12
7.03
7.05
6.03
7.86
5.65
7.33
5.0
5.62
5.94
5.04
6.31
6.35
6.94
5.12
4.01
3.9
5.12
5.17
5.0
5.04
5.44
5.04
6.44
6.27
1.19
3.44
3.35
3.5
5.04
6.65
5.04
3.62
1.21
1.45
8.23
5.94
5.92
6.74
3.03
3.21
5.65
3.45
4.95
3.01
5.0
7.09
5.03
3.94
6.13
3.9
5.03
4.04
3.99
7.14
7.09
8.17
7.12
4.99
3.87
5.03
4.96
3.94
5.0
4.12
3.97
3.09
6.08
5.04
4.03
4.97
2.96
3.0
3.96
5.03
3.06
2.96
4.01
2.96
6.95
2.97
1.99
4.03
4.04
6.67
6.64
5.82
6.01
8.13
6.82
4.95
6.05
7.59
6.14
7.09
3.95
4.67
5.9
3.85
2.99
4.22
5.18
6.01
3.76
2.85
4.04
3.21
6.05
3.17
5.1
5.05
4.5
5.04
3.18
3.6
9.0
5.03
5.04
5.97
4.26
4.78
2.97
6.21
7.04
7.41
6.03
7.45
8.27
7.55
5.27
5.13
7.54
8.31
8.41
6.86
7.46
6.01
7.32
5.95
4.41
6.19
8.33
6.4
5.12
1.58
6.01
6.35
6.44
6.14
5.81
1.36
4.94
2.4
3.83
2.33
6.1
5.86
4.94
4.94
5.97
2.09
1.19
1.14
3.69
7.24
5.24
7.12
6.15
2.97
6.09
6.64
3.28
8.03
3.91
7.13
4.88
8.01
8.27
6.19
3.79
5.05
7.95
6.21
7.94
1.96
3.33
2.01
3.05
2.68
5.24
6.22
2.91
1.92
7.27
3.03
2.01
1.9
1.97
2.88
3.88
1.85
3.1
2.88
6.94
5.01
8.09
5.09
6.05
8.01
7.1
8.08
7.03
6.04
7.05
4.04
6.08
4.06
6.1
7.03
1.0
3.04
3.03
6.01
4.99
1.95
2.99
1.0
1.91
5.09
7.01
2.0
4.03
1.99
1.99
1.0
6.01
8.04
9.0
1.0
9.0
1.0
1.0
1.99
7.03
4.0
5.06
7.14
6.18
7.99
6.55
6.18
7.18
8.42
7.09
5.73
5.08
3.88
7.99
5.14
3.65
6.28
5.08
6.06
3.27
1.94
3.01
2.69
2.45
3.06
4.0
3.97
2.1
3.24
3.14
6.27
7.01
3.81
2.73
3.68
6.13
4.04
3.23
7.78
6.0
7.26
5.03
7.06
6.04
9.0
8.01
5.95
9.0
6.99
7.06
7.26
6.06
6.0
7.03
9.0
4.03
7.04
6.96
6.08
7.06
3.13
4.06
2.88
2.92
2.95
2.95
5.17
4.04
4.01
4.03
3.03
3.1
4.13
2.97
5.03
4.08
1.9
1.03
2.01
1.04
2.9
5.04
6.37
2.53
9.0
5.05
6.17
7.14
4.55
9.0
5.04
4.1
1.42
2.83
1.0
5.05
1.19
5.22
3.9
7.63
6.22
5.03
2.77
1.53
2.4
3.36
2.88
3.44
3.09
3.88
5.04
4.96
4.96
1.0
4.22
6.17
6.44
7.94
8.49
4.05
5.01
5.28
5.04
5.74
6.12
5.37
5.87
5.0
5.1
5.54
5.86
5.59
5.08
5.59
5.04
5.6
5.04
5.49
5.04
5.87
5.24
5.72
5.04
4.5
5.04
5.81
5.04
5.77
5.47
4.59
4.23
5.08
5.55
4.82
5.46
5.31
5.86
5.81
5.95
5.05
5.74
6.36
6.08
6.73
7.54
5.33
6.88
5.97
5.94
7.31
6.03
5.04
4.86
6.14
5.5
5.73
7.03
5.97
6.05
5.77
4.4
5.03
4.99
2.81
5.73
5.58
5.9
5.41
4.29
3.78
6.97
6.32
6.21
6.28
6.81
7.08
6.37
5.01
5.64
6.09
5.91
5.83
6.03
4.05
7.96
5.97
5.0
6.53
5.03
6.78
5.91
3.53
5.05
2.05
2.56
2.6
3.29
5.03
6.19
4.95
3.08
5.04
2.12
5.83
3.29
2.41
5.04
2.88
4.09
3.76
4.58
6.99
6.24
5.82
6.4
5.54
5.92
5.81
5.04
6.06
3.78
3.1
5.69
5.46
7.86
3.18
5.04
7.85
5.04
4.08
7.1
6.44
7.37
4.67
4.68
2.63
5.04
3.69
6.06
5.32
5.04
3.78
2.38
2.94
5.04
2.26
4.95
5.04
2.17
2.04
2.73
4.23
5.04
4.59
5.04
3.35
3.99
4.49
3.71
4.51
6.13
4.06
4.96
5.0
8.55
6.14
7.17
7.13
8.6
8.09
9.0
3.08
4.83
6.87
6.0
7.09
5.03
8.05
7.72
2.83
2.95
4.03
4.01
2.97
3.69
1.99
3.09
4.06
6.06
3.95
7.49
8.79
9.0
2.92
5.94
8.26
1.97
7.03
7.29
6.96
5.04
6.06
4.99
6.13
7.04
5.0
5.04
6.03
9.0
6.03
6.08
4.97
6.05
6.04
5.04
6.05
5.04
7.05
6.04
4.99
6.04
5.04
3.97
4.01
2.96
5.04
6.04
5.04
4.04
3.04
2.97
4.05
2.94
7.05
4.08
7.05
2.05
1.97
4.03
5.04
7.71
9.0
7.0
8.27
7.05
4.97
7.99
7.37
7.01
5.06
7.46
7.04
7.47
7.85
7.5
5.04
3.51
8.03
7.82
4.94
7.38
5.06
5.82
6.51
3.96
8.32
5.04
5.04
7.15
4.13
4.99
8.28
4.94
6.79
5.0
5.28
4.85
6.05
7.06
3.05
8.03
6.97
8.96
6.05
7.03
5.01
5.96
6.04
8.04
6.03
7.08
7.06
6.03
7.08
6.03
5.03
4.97
7.09
7.08
7.08
8.0
4.03
1.97
2.04
4.04
4.06
7.1
4.03
4.97
3.06
2.99
4.03
5.06
4.01
5.04
2.97
4.05
1.94
3.01
4.99
7.12
7.04
6.99
8.03
5.01
8.05
8.03
8.06
8.08
7.05
6.08
6.0
7.04
6.0
6.09
7.03
5.05
6.04
6.08
8.06
5.96
8.0
8.05
7.04
7.06
8.04
7.97
6.04
4.03
5.01
3.06
9.0
8.09
7.97
6.01
4.08
9.0
8.09
8.0
8.09
6.21
6.05
7.1
6.09
5.04
7.04
7.0
7.12
6.04
2.92
5.99
5.97
6.05
7.13
4.92
6.1
5.04
6.17
6.03
7.05
5.06
6.23
3.96
6.12
5.03
5.04
5.04
3.95
6.04
2.88
3.09
4.12
3.99
3.18
3.09
2.72
2.79
2.18
3.97
4.97
9.0
9.0
9.0
9.0
9.0
8.08
9.0
8.01
9.0
7.06
9.0
8.96
9.0
9.0
9.0
8.95
9.0
9.0
9.0
9.0
9.0
9.0
9.0
8.97
9.0
9.0
9.0
9.0
9.0
8.96
8.04
9.0
8.97
9.0
5.03
9.0
7.1
6.92
9.0
9.0
8.01
8.06
7.0
6.96
8.19
8.06
7.08
2.99
5.04
8.08
6.0
5.04
2.05
7.04
3.03
5.97
7.05
5.06
7.06
5.01
3.0
5.0
1.99
3.04
6.97
1.91
6.01
3.09
2.92
2.88
7.99
8.01
9.0
7.03
8.96
1.92
8.95
9.0
2.05
7.14
6.05
7.01
8.01
8.06
8.06
7.04
8.06
6.03
7.03
9.0
7.01
5.04
3.96
8.03
3.0
2.05
2.03
6.03
5.05
9.0
8.03
3.04
2.88
7.1
4.06
2.0
8.99
2.03
4.03
2.1
2.04
7.08
1.0
3.04
1.99
8.05
7.03
1.0
9.0
8.05
5.04
4.95
5.92
6.06
5.04
6.19
4.03
6.19
4.99
9.0
5.23
5.04
3.96
5.04
5.0
5.03
5.0
7.03
5.01
7.03
3.05
4.18
3.06
6.05
3.99
5.05
6.0
3.91
5.1
4.09
5.12
7.04
4.09
4.91
5.04
6.88
2.71
5.04
5.04
9.0
8.08
3.08
7.05
5.97
6.13
6.06
5.04
6.12
6.04
1.62
8.23
2.86
8.04
8.03
8.03
2.03
5.04
6.9
6.04
7.86
8.05
5.04
8.04
7.04
7.97
4.05
5.04
7.0
8.03
1.0
3.03
1.01
2.85
2.08
1.81
1.96
1.01
1.0
1.0
2.09
9.0
7.96
8.86
9.0
9.0
7.99
9.0
8.05
8.94
8.82
8.99
9.0
9.0
9.0
9.0
7.03
9.0
8.96
9.0
9.0
7.17
8.09
5.08
4.85
8.01
8.83
7.97
8.28
8.97
4.73
7.13
7.13
6.96
7.03
6.04
5.82
6.06
5.1
4.85
9.0
