7.71
8.1
8.58
4.94
6.96
8.27
7.44
7.32
4.04
1.99
2.99
2.71
1.95
4.18
3.17
6.81
2.46
7.23
7.17
8.26
9.0
7.09
8.15
7.04
8.86
7.28
7.35
3.88
1.36
2.08
3.03
2.28
3.81
2.28
2.06
2.9
2.31
3.33
3.24
5.1
9.0
8.01
9.0
6.05
5.04
5.0
4.96
9.0
9.0
4.99
7.08
8.01
9.0
8.94
9.0
6.0
9.0
9.0
9.0
8.97
1.0
5.0
1.0
7.08
9.0
9.0
4.96
4.06
2.99
2.01
4.06
1.0
5.0
4.87
1.99
5.04
1.0
1.0
1.0
6.05
5.33
7.21
7.55
4.69
6.92
6.79
5.45
7.14
7.33
4.45
7.94
6.36
7.91
7.29
7.36
7.15
4.56
7.1
8.14
6.26
4.99
4.94
3.65
3.31
3.45
4.67
6.72
5.59
4.47
3.87
4.44
5.17
4.05
4.72
3.18
5.01
4.92
4.53
4.33
5.38
6.68
4.06
8.95
6.1
4.06
5.01
2.94
5.97
6.05
3.15
7.24
5.04
4.12
6.96
6.96
2.51
7.01
4.9
7.09
8.17
1.77
1.86
1.86
2.71
7.0
6.0
6.14
2.17
1.85
3.1
2.01
1.01
1.0
2.17
2.03
2.72
1.0
1.79
1.92
1.86
6.97
9.0
4.95
8.24
3.04
8.09
5.12
8.17
6.94
3.03
9.0
7.08
4.94
7.21
6.97
5.96
6.88
8.05
8.03
7.0
4.0
6.99
1.0
4.0
5.96
7.96
7.0
3.9
4.04
2.94
6.9
1.94
5.17
6.03
4.86
4.91
1.91
1.0
1.0
7.0
8.19
6.83
7.69
7.55
7.01
8.05
8.26
7.05
7.87
7.37
4.99
7.17
7.79
6.32
5.59
5.06
6.72
7.59
7.41
5.01
6.28
7.56
3.47
3.5
7.09
5.08
5.08
6.42
4.27
6.99
3.65
6.99
6.68
3.31
3.96
5.71
4.83
4.44
6.56
4.85
8.1
7.15
7.1
7.08
7.05
6.97
7.08
7.0
6.99
7.09
7.03
6.99
8.0
7.09
7.99
3.03
7.12
7.03
6.99
8.06
3.12
3.05
3.01
1.97
2.99
2.0
6.09
2.05
7.09
3.09
6.96
4.96
4.97
4.01
5.01
8.1
5.05
5.03
7.01
7.01
7.6
5.04
8.15
6.82
4.41
7.4
5.04
8.82
8.78
4.97
8.41
8.47
7.9
6.88
8.33
4.21
6.67
7.21
5.04
6.74
4.68
4.23
3.59
4.15
3.72
4.99
4.46
5.04
2.78
1.4
1.45
6.33
4.44
5.05
3.62
1.21
5.06
4.72
5.05
3.13
5.05
7.08
7.08
5.99
4.99
7.04
5.08
6.15
5.96
3.94
7.12
7.08
8.15
7.0
6.21
4.05
6.03
4.9
3.97
5.12
4.04
3.99
5.0
4.03
5.04
4.1
5.04
2.96
3.99
4.04
6.06
3.1
3.08
5.06
3.01
3.08
2.99
2.92
3.17
5.04
7.91
3.55
5.86
7.01
7.24
7.1
8.96
5.68
7.56
5.94
8.99
5.37
6.72
8.81
5.31
3.85
4.95
7.31
7.82
5.58
2.97
4.24
2.87
6.82
1.92
4.95
4.94
4.31
3.94
2.64
4.15
5.96
4.94
3.91
1.38
2.17
2.92
1.91
2.17
5.78
6.27
5.67
7.41
7.65
7.41
5.32
6.37
6.26
7.04
6.53
7.32
5.04
8.42
7.96
6.92
4.35
8.32
7.95
5.54
6.0
3.27
6.15
3.72
2.88
5.01
5.49
2.28
4.26
2.32
4.58
1.83
5.01
5.64
4.88
1.23
3.62
1.47
1.35
1.0
4.95
7.09
6.09
7.33
6.86
4.01
6.65
6.77
5.1
7.95
4.06
7.78
6.86
7.99
8.15
7.08
5.04
4.86
7.35
7.03
7.35
2.13
3.33
1.74
2.79
2.78
6.08
5.05
5.04
1.67
3.36
3.18
1.86
1.9
4.87
1.22
2.82
1.0
2.85
3.18
6.81
6.15
4.03
9.0
7.08
5.01
4.46
2.99
7.99
7.06
4.01
7.04
5.08
9.0
7.97
4.94
5.0
5.99
7.94
8.51
7.6
2.0
4.01
1.0
2.97
3.97
5.04
5.47
7.08
4.04
3.05
1.97
4.05
4.55
2.92
1.0
2.54
1.0
1.0
1.97
4.08
8.22
6.05
7.5
7.38
3.99
7.19
6.85
7.0
7.69
1.88
8.03
7.63
6.79
8.03
7.08
3.96
6.06
8.09
7.55
7.33
1.03
4.1
2.41
2.36
3.87
3.28
5.81
2.53
2.92
1.1
3.26
1.99
3.18
2.5
2.68
2.01
3.47
2.26
6.65
6.68
8.9
5.04
8.04
8.04
9.0
9.0
5.04
9.0
9.0
4.99
8.99
7.08
7.06
8.15
8.12
4.17
8.1
7.04
7.04
7.97
3.09
4.12
3.05
1.92
2.96
4.96
6.0
4.01
4.05
2.04
2.99
3.97
3.01
3.01
5.05
3.96
3.04
2.08
4.0
4.01
2.51
6.45
6.74
7.09
5.51
4.99
6.83
3.51
4.18
5.14
7.27
5.97
3.88
3.64
2.67
4.97
1.21
6.56
2.86
3.82
4.42
6.79
3.9
2.51
2.47
1.82
2.59
2.85
3.23
6.1
3.88
5.01
1.0
1.0
1.0
5.05
6.09
4.27
6.13
3.74
4.05
7.26
6.46
6.35
7.05
6.9
7.08
6.05
6.04
6.09
6.03
5.96
4.54
6.58
5.96
5.92
4.12
6.22
7.27
7.03
4.0
3.19
3.62
4.53
6.18
3.73
3.96
5.64
5.54
3.04
4.54
4.04
3.83
4.99
4.17
3.37
3.46
3.6
7.1
5.04
6.33
6.87
6.36
6.65
6.13
6.51
7.33
5.0
6.55
6.09
6.24
5.55
7.33
6.62
6.04
4.38
7.74
7.05
7.04
6.24
3.92
5.69
3.71
3.22
4.23
5.44
5.94
5.95
4.9
2.96
4.44
4.62
4.56
4.15
5.12
5.24
4.0
4.51
4.06
5.0
7.44
6.46
6.82
5.77
7.79
7.73
6.64
7.44
7.09
5.01
5.83
6.26
7.53
6.76
5.68
3.24
7.38
7.77
7.65
6.13
2.19
5.04
3.77
3.23
2.19
4.95
4.97
6.21
2.82
2.85
5.03
4.96
3.4
4.17
3.21
3.71
3.15
1.62
5.04
4.24
5.76
6.77
7.18
7.05
8.82
7.62
5.27
7.63
8.22
5.13
8.18
7.64
7.91
6.4
6.35
5.03
5.04
7.35
7.59
6.65
4.97
4.06
2.82
3.0
2.99
4.31
5.03
5.01
2.44
3.49
4.46
6.28
4.64
4.74
4.35
4.29
3.01
3.38
4.67
4.94
6.42
7.05
4.83
5.05
8.09
7.92
7.05
8.81
8.56
7.05
7.05
4.63
4.27
8.1
6.92
5.99
5.53
7.99
7.26
2.33
4.08
2.09
4.69
2.99
3.97
4.06
4.01
3.04
3.01
3.45
5.04
6.27
7.03
4.06
4.92
6.88
3.04
3.03
6.09
3.99
5.05
7.08
7.05
7.06
7.1
4.97
6.03
7.09
9.0
4.0
8.05
4.99
7.01
8.05
5.0
6.06
5.04
8.08
9.0
7.08
2.97
4.05
2.99
1.96
2.95
5.0
7.06
4.03
2.0
1.0
2.01
1.99
1.96
5.04
1.99
1.96
1.0
1.0
1.0
2.97
7.71
9.0
7.09
8.21
6.94
5.09
8.94
7.23
7.03
5.01
7.0
7.0
8.01
8.01
7.0
5.15
2.86
7.12
8.15
3.96
1.91
2.97
4.17
6.53
4.97
8.27
5.06
5.04
3.72
3.88
4.86
7.97
5.04
6.72
5.18
4.92
4.31
4.97
5.0
4.88
7.06
6.04
8.96
6.05
7.06
5.96
3.04
7.03
7.08
5.01
7.03
7.04
8.0
8.05
6.0
4.0
4.08
8.96
7.03
4.03
1.96
3.03
1.0
2.99
3.12
4.05
6.08
4.03
3.97
1.0
2.94
3.0
5.01
4.05
4.05
4.0
4.0
2.03
2.12
5.0
8.06
2.99
7.12
5.0
5.04
5.0
6.08
8.04
8.09
1.0
9.0
8.04
7.97
8.09
7.01
6.05
5.04
3.04
7.06
7.08
6.03
8.03
2.01
3.05
4.96
4.99
5.03
5.01
1.0
4.03
1.01
1.0
1.94
4.95
3.03
3.0
1.0
1.0
1.0
1.0
7.97
6.96
9.0
8.03
4.0
8.09
6.08
8.01
8.05
3.08
8.04
7.04
7.12
9.0
7.01
6.19
5.04
9.0
8.0
8.08
6.06
6.97
2.28
9.0
7.14
5.05
6.0
5.97
6.09
4.95
1.97
1.96
1.0
1.0
2.97
2.92
1.0
1.15
1.95
3.06
6.03
7.0
9.0
7.05
4.97
7.0
4.94
8.24
8.99
6.01
9.0
4.18
7.01
8.06
5.04
8.06
9.0
9.0
5.06
6.97
9.0
7.29
8.0
8.9
4.0
5.04
4.97
5.04
7.18
7.08
5.08
5.04
5.04
2.85
1.0
6.13
2.99
1.0
2.14
5.04
7.03
7.99
9.0
8.08
7.04
8.15
8.09
7.01
5.04
7.99
7.01
6.06
2.09
8.03
5.04
6.91
6.99
8.08
7.03
8.04
2.01
5.03
2.03
4.04
4.06
1.99
6.08
2.9
2.06
1.99
6.91
3.05
7.01
5.99
1.08
3.08
1.01
1.96
1.04
7.1
6.06
7.05
9.0
7.17
6.05
8.03
7.04
7.04
7.06
7.01
8.03
6.04
6.06
8.06
4.01
3.0
5.08
7.01
7.05
8.03
2.92
3.05
2.05
4.12
3.03
3.0
7.09
1.04
3.97
2.95
1.0
4.04
1.99
3.95
1.92
5.03
5.01
1.88
6.05
6.01
5.04
7.15
6.15
7.04
6.19
6.22
4.05
6.05
7.08
5.08
6.06
5.15
4.04
5.04
5.01
5.04
7.13
7.05
8.27
7.26
3.05
4.05
3.0
5.99
3.92
5.01
8.01
5.06
7.23
4.04
3.86
5.01
3.91
4.99
5.04
4.03
4.13
5.04
2.97
5.05
6.79
5.03
8.04
6.97
6.22
4.99
6.05
6.03
6.06
4.01
9.0
7.14
8.09
8.06
6.05
6.09
4.94
7.06
7.95
6.9
5.09
5.04
1.0
5.0
6.14
7.08
5.0
5.01
5.09
3.13
5.0
1.0
4.18
1.95
4.03
4.97
1.0
1.0
1.0
3.99
8.13
4.99
8.05
6.96
7.15
5.78
4.94
7.96
7.86
4.08
8.24
7.31
7.09
7.1
5.01
3.97
6.09
8.03
8.24
6.03
4.12
4.15
3.01
1.0
4.01
5.14
6.0
6.03
4.09
1.0
4.17
3.87
4.06
4.05
3.88
3.91
2.81
3.05
3.99
7.15
